# Distance (Ang)      Number Integral (atoms)     RDF (unitless)
0.05 0 0
0.1 0 0
0.15 0 0
0.2 0 0
0.25 0 0
0.3 0 0
0.35 0 0
0.4 0 0
0.45 0 0
0.5 0 0
0.55 0 0
0.6 0 0
0.65 0 0
0.7 0 0
0.75 0 0
0.8 0 0
0.85 0 0
0.9 0 0
0.95 0 0
1 0 0
1.05 0 0
1.1 0 0
1.15 0 0
1.2 0 0
1.25 0 0
1.3 0 0
1.35 0 0
1.4 0 0
1.45 0 0
1.5 0 0
1.55 0 0
1.6 0 0
1.65 0 0
1.7 0 0
1.75 0 0
1.8 0 0
1.85 0 0
1.9 0 0
1.95 0 0
2 0 0
2.05 0 0
2.1 0 0
2.15 0 0
2.2 0 0
2.25 0 0
2.3 0 0
2.35 0 0
2.4 0 0
2.45 0 0
2.5 0 0
2.55 0 0
2.6 0 0
2.65 0 0
2.7 0 0
2.75 0 0
2.8 0 0
2.85 0 0
2.9 0 0
2.95 3.5e-05 0.00031987
3 0.000235 0.0017669
3.05 0.00148 0.0106384
3.1 0.006095 0.0381627
3.15 0.020015 0.111454
3.2 0.051375 0.243247
3.25 0.11862 0.505544
3.3 0.22415 0.769329
3.35 0.382345 1.11884
3.4 0.599635 1.4916
3.45 0.875235 1.83704
3.5 1.20552 2.13865
3.55 1.57837 2.34626
3.6 1.98236 2.47157
3.65 2.40563 2.51862
3.7 2.84013 2.51559
3.75 3.2735 2.44212
3.8 3.7023 2.35276
3.85 4.12246 2.2455
3.9 4.52778 2.11065
3.95 4.92309 2.00646
4 5.30131 1.87168
4.05 5.6615 1.73842
4.1 6.00952 1.63874
4.15 6.34105 1.5235
4.2 6.65885 1.42562
4.25 6.96488 1.34047
4.3 7.26245 1.27317
4.35 7.54776 1.19263
4.4 7.82568 1.13534
4.45 8.09542 1.07716
4.5 8.35886 1.02863
4.55 8.61812 0.990078
4.6 8.88525 0.997919
4.65 9.13622 0.917406
4.7 9.38284 0.882306
4.75 9.62512 0.848567
4.8 9.86466 0.821476
4.85 10.1011 0.794043
4.9 10.3356 0.771587
4.95 10.569 0.752567
5 10.802 0.736063
5.05 11.0326 0.714071
5.1 11.2663 0.70933
5.15 11.5009 0.698474
5.2 11.7376 0.691101
5.25 11.9784 0.689566
5.3 12.2191 0.676556
5.35 12.4665 0.682096
5.4 12.7194 0.684581
5.45 12.9795 0.691123
5.5 13.2456 0.694078
5.55 13.5198 0.70227
5.6 13.8113 0.733416
5.65 14.105 0.72586
5.7 14.4072 0.733751
5.75 14.7211 0.748665
5.8 15.0462 0.762344
5.85 15.3818 0.773314
5.9 15.7314 0.79198
5.95 16.0957 0.811545
6 16.4756 0.831935
6.05 16.8697 0.848912
6.1 17.2803 0.870018
6.15 17.7082 0.891752
6.2 18.1529 0.912066
6.25 18.6201 0.942714
6.3 19.104 0.960844
6.35 19.6128 0.994449
6.4 20.1396 1.01366
6.45 20.6863 1.03561
6.5 21.2593 1.06854
6.55 21.8474 1.08012
6.6 22.4582 1.10484
6.65 23.0871 1.12025
6.7 23.7298 1.128
6.75 24.395 1.15008
6.8 25.0785 1.16427
6.85 25.7733 1.16643
6.9 26.4909 1.18711
6.95 27.2245 1.19609
7 27.9738 1.20436
7.05 28.7335 1.20375
7.1 29.507 1.20824
7.15 30.2929 1.21049
7.2 31.0859 1.20441
7.25 31.9105 1.23523
7.3 32.7176 1.19249
7.35 33.5262 1.17838
7.4 34.3347 1.16232
7.45 35.1429 1.14615
7.5 35.9519 1.13215
7.55 36.757 1.11182
7.6 37.5597 1.09376
7.65 38.3614 1.07825
7.7 39.1565 1.05535
7.75 39.9527 1.04332
7.8 40.749 1.03001
7.85 41.5454 1.01699
7.9 42.3401 1.00197
7.95 43.1629 1.02441
8 43.9639 0.984818
8.05 44.7624 0.969525
8.1 45.5601 0.956548
8.15 46.3538 0.940091
8.2 47.1537 0.935899
8.25 47.9572 0.928692
8.3 48.7585 0.915066
8.35 49.5691 0.914464
8.4 50.3859 0.910606
8.45 51.1994 0.89614
8.5 52.021 0.894448
8.55 52.8556 0.898
8.6 53.6958 0.893466
8.65 54.5442 0.891724
8.7 55.4033 0.892582
8.75 56.2759 0.896386
8.8 57.1574 0.895136
8.85 58.0583 0.904515
8.9 58.9684 0.90348
8.95 59.8988 0.913244
9 60.8444 0.917968
9.05 61.8074 0.924476
9.1 62.7855 0.928683
9.15 63.796 0.948903
9.2 64.812 0.943744
9.25 65.847 0.950949
9.3 66.8948 0.952399
9.35 67.9669 0.964109
9.4 69.0584 0.971059
9.45 70.1718 0.980034
9.5 71.3087 0.990216
9.55 72.4662 0.997572
9.6 73.6515 1.01096
9.65 74.86 1.02005
9.7 76.116 1.04914
9.75 77.3638 1.03165
9.8 78.63 1.0362
9.85 79.9158 1.04154
9.9 81.2213 1.04679
9.95 82.5392 1.04614
10 83.8797 1.05341
10.05 85.2348 1.05433
10.1 86.6041 1.05483
10.15 87.9965 1.06205
10.2 89.4015 1.06112
10.25 90.8419 1.07732
10.3 92.2741 1.06067
10.35 93.7125 1.05507
10.4 95.1684 1.05756
10.45 96.6302 1.05179
10.5 98.1009 1.04805
10.55 99.5862 1.04836
10.6 101.085 1.04791
10.65 102.592 1.04392
10.7 104.107 1.03975
10.75 105.653 1.05098
10.8 107.188 1.03358
10.85 108.729 1.02793
10.9 110.277 1.02352
10.95 111.821 1.01152
11 113.375 1.00899
11.05 114.944 1.00956
11.1 116.517 1.0027
11.15 118.098 0.998937
11.2 119.69 0.996521
11.25 121.278 0.985931
11.3 122.876 0.982779
11.35 124.493 0.985631
11.4 126.112 0.978384
11.45 127.736 0.972786
11.5 129.372 0.971753
11.55 131.018 0.968809
11.6 132.68 0.969964
11.65 134.379 0.983081
11.7 136.073 0.971994
11.75 137.783 0.972342
11.8 139.5 0.968097
11.85 141.23 0.967496
11.9 142.978 0.969583
11.95 144.738 0.967831
12 146.523 0.973103
12.05 148.323 0.973115
12.1 150.181 0.996587
12.15 152.023 0.979878
12.2 153.877 0.977746
12.25 155.747 0.978552
12.3 157.626 0.974864
12.35 159.524 0.977085
12.4 161.437 0.976747
12.45 163.366 0.977102
12.5 165.321 0.982507
12.55 167.295 0.983523
12.6 169.285 0.984074
12.65 171.298 0.987738
12.7 173.336 0.991831
12.75 175.393 0.993227
12.8 177.474 0.997041
12.85 179.57 0.996455
12.9 181.686 0.998172
12.95 183.838 1.0074
13 185.995 1.00189
13.05 188.183 1.00829
13.1 190.39 1.00956
13.15 192.623 1.01354
13.2 194.874 1.01412
13.25 197.154 1.01896
13.3 199.452 1.01994
13.35 201.817 1.04134
13.4 204.158 1.02308
13.45 206.516 1.02323
13.5 208.886 1.02049
13.55 211.278 1.02266
13.6 213.685 1.02117
13.65 216.115 1.02359
13.7 218.554 1.01986
13.75 221.042 1.03257
13.8 223.506 1.01562
13.85 225.992 1.01697
13.9 228.479 1.01
13.95 230.981 1.009
14 233.505 1.01056
14.05 236.037 1.00637
14.1 238.606 1.01431
14.15 241.164 1.00228
14.2 243.741 1.00304
14.25 246.327 0.99935
14.3 248.928 0.997993
14.35 251.548 0.99827
14.4 254.183 0.99716
14.45 256.856 1.00437
14.5 259.529 0.997641
